400 0
401 0
402 0
403 0
404 0
405 0
406 0
407 0
408 0
409 0
40a 0
40b 0
40c 0
40d 0
40e 3f
40f 0
410 0
411 0
412 0
413 0
414 0
415 0
416 0
417 0
418 0
419 0
41a 3f
41b 0
41c 0
41d 0
41e 0
41f 0
420 0
421 0
422 0
423 0
424 0
425 0
426 0
427 0
428 0
429 0
42a 0
42b 0
42c 0
42d 0
42e 0
42f 0
430 0
431 0
432 0
433 0
434 0
435 0
436 3f
437 0
438 0
439 0
43a 0
43b 0
43c 0
43d 0
43e 0
43f 0
440 0
441 0
442 0
443 0
444 0
445 0
446 0
447 0
448 0
449 3f
44a 0
44b 0
44c 0
44d 0
44e 0
44f 3f
450 0
451 0
452 3f
453 3f
454 0
455 0
456 0
457 0
458 0
459 0
45a 0
45b 0
45c 0
45d 0
45e 0
45f 0
460 0
461 0
462 0
463 0
464 0
465 0
466 0
467 0
468 0
469 0
46a 0
46b 0
46c 0
46d 0
46e 0
46f 0
470 0
471 0
472 0
473 0
474 0
475 0
476 0
477 0
478 0
479 0
47a 0
47b 0
47c 0
47d 0
47e 0
47f 0
480 0
481 0
482 0
483 0
484 3f
485 0
486 0
487 0
488 0
489 0
48a 0
48b 3f
48c 0
48d 0
48e 0
48f 0
490 0
491 0
492 0
493 0
494 0
495 0
496 0
497 0
498 0
499 0
49a 0
49b 3f
49c 0
49d 0
49e 0
49f 20
4a0 0
4a1 0
4a2 0
4a3 0
4a4 0
4a5 0
4a6 0
4a7 0
4a8 0
4a9 0
4aa 3f
4ab 0
4ac 0
4ad 3f
4ae 0
4af 0
4b0 0
4b1 0
4b2 0
4b3 0
4b4 0
4b5 0
4b6 0
4b7 3f
4b8 0
4b9 0
4ba 0
4bb 0
4bc 0
4bd 0
4be 0
4bf 20
4c0 0
4c1 0
4c2 0
4c3 0
4c4 0
4c5 0
4c6 0
4c7 0
4c8 3f
4c9 0
4ca 0
4cb 0
4cc 0
4cd 0
4ce 0
4cf 0
4d0 0
4d1 0
4d2 0
4d3 0
4d4 0
4d5 0
4d6 0
4d7 3f
4d8 0
4d9 0
4da 0
4db 0
4dc 0
4dd 0
4de 0
4df 0
4e0 0
4e1 0
4e2 0
4e3 0
4e4 0
4e5 0
4e6 0
4e7 0
4e8 0
4e9 0
4ea 0
4eb 0
4ec 0
4ed 0
4ee 0
4ef 0
4f0 3f
4f1 2
4f2 0
4f3 0
4f4 0
4f5 0
4f6 0
4f7 0
4f8 0
4f9 0
4fa 0
4fb 0
4fc 0
4fd 0
4fe 0
4ff 0
500 0
501 0
502 0
503 0
504 0
505 0
506 0
507 0
508 0
509 0
50a 0
50b 0
50c 0
50d 0
50e 0
50f 0
510 0
511 f
512 3f
513 0
514 0
515 0
516 0
517 0
518 0
519 0
51a 0
51b 0
51c 0
51d 0
51e 0
51f 0
520 0
521 0
522 0
523 0
524 0
525 0
526 0
527 0
528 0
529 0
52a 0
52b 3f
52c 3f
52d 0
52e 0
52f 0
530 0
531 e
532 0
533 0
534 0
535 0
536 0
537 0
538 0
539 3f
53a 0
53b 0
53c 0
53d 0
53e 0
53f 0
540 1b
541 0
542 3f
543 0
544 0
545 0
546 0
547 0
548 0
549 0
54a 0
54b 0
54c 0
54d 0
54e 0
54f 0
550 0
551 15
552 3
553 0
554 0
555 0
556 0
557 0
558 0
559 0
55a 0
55b 0
55c 0
55d 8
55e 0
55f 0
560 21
561 0
562 0
563 0
564 0
565 0
566 0
567 0
568 0
569 0
56a 3f
56b 0
56c 0
56d 0
56e 0
56f 0
570 0
571 13
572 12
573 0
574 0
575 21
576 21
577 21
578 21
579 21
57a 21
57b 21
57c 21
57d 9
57e 0
57f 0
580 29
581 0
582 0
583 0
584 0
585 0
586 0
587 0
588 0
589 0
58a 0
58b 0
58c 0
58d 0
58e 0
58f 0
590 3f
591 0
592 5
593 0
594 0
595 22
596 22
597 22
598 23
599 23
59a 24
59b 25
59c 26
59d 7
59e 0
59f 0
5a0 28
5a1 0
5a2 0
5a3 0
5a4 0
5a5 0
5a6 0
5a7 0
5a8 0
5a9 0
5aa 0
5ab 0
5ac 0
5ad 0
5ae 0
5af 0
5b0 0
5b1 5
5b2 4
5b3 0
5b4 0
5b5 21
5b6 22
5b7 28
5b8 20
5b9 22
5ba 23
5bb 24
5bc 25
5bd 8
5be 0
5bf 21
5c0 20
5c1 0
5c2 0
5c3 3d
5c4 0
5c5 0
5c6 0
5c7 0
5c8 0
5c9 0
5ca 0
5cb 0
5cc 0
5cd 0
5ce 3f
5cf 3f
5d0 0
5d1 16
5d2 9
5d3 0
5d4 0
5d5 20
5d6 20
5d7 20
5d8 21
5d9 21
5da 22
5db 23
5dc 24
5dd 0
5de 0
5df 26
5e0 0
5e1 0
5e2 0
5e3 0
5e4 0
5e5 0
5e6 0
5e7 3f
5e8 0
5e9 0
5ea 0
5eb 0
5ec 0
5ed 0
5ee 0
5ef 0
5f0 0
5f1 5
5f2 14
5f3 0
5f4 0
5f5 22
5f6 21
5f7 25
5f8 20
5f9 20
5fa 20
5fb 22
5fc 23
5fd 13
5fe 0
5ff 25
600 1
601 0
602 0
603 0
604 0
605 0
606 0
607 0
608 0
609 0
60a 0
60b 0
60c 0
60d 0
60e 0
60f 0
610 0
611 12
612 13
613 0
614 0
615 0
616 0
617 0
618 0
619 0
61a 0
61b 0
61c 0
61d 3
61e 0
61f 24
620 14
621 0
622 0
623 0
624 0
625 0
626 0
627 0
628 0
629 0
62a 0
62b 0
62c 0
62d 0
62e 0
62f 0
630 0
631 19
632 0
633 0
634 0
635 7
636 4
637 4
638 5
639 4
63a 3
63b 4
63c 5
63d f
63e 0
63f 23
640 1
641 0
642 0
643 0
644 0
645 0
646 0
647 0
648 3f
649 0
64a 0
64b 0
64c 0
64d 0
64e 0
64f 0
650 0
651 0
652 22
653 0
654 0
655 a
656 6
657 5
658 4
659 3
65a 1
65b 6
65c a
65d 12
65e 0
65f 0
660 12
661 0
662 0
663 0
664 0
665 0
666 0
667 0
668 0
669 0
66a 0
66b 0
66c 0
66d 0
66e 0
66f 0
670 0
671 21
672 0
673 0
674 0
675 12
676 17
677 17
678 0
679 2
67a 4
67b 14
67c 4
67d 5
67e 0
67f 0
680 9
681 0
682 0
683 0
684 0
685 0
686 0
687 0
688 0
689 0
68a 0
68b 0
68c 0
68d 0
68e 0
68f 0
690 0
691 22
692 0
693 0
694 0
695 0
696 0
697 0
698 0
699 0
69a 0
69b 0
69c 0
69d 13
69e 0
69f 0
6a0 0
6a1 0
6a2 0
6a3 0
6a4 0
6a5 0
6a6 0
6a7 0
6a8 0
6a9 0
6aa 0
6ab 0
6ac 0
6ad 0
6ae 0
6af 0
6b0 0
6b1 20
6b2 0
6b3 3f
6b4 0
6b5 0
6b6 0
6b7 0
6b8 3f
6b9 0
6ba 0
6bb 0
6bc 0
6bd 0
6be 0
6bf 0
6c0 0
6c1 0
6c2 0
6c3 0
6c4 0
6c5 0
6c6 3f
6c7 0
6c8 0
6c9 0
6ca 0
6cb 0
6cc 0
6cd 0
6ce 0
6cf 0
6d0 0
6d1 20
6d2 0
6d3 0
6d4 0
6d5 0
6d6 0
6d7 0
6d8 0
6d9 3f
6da 0
6db 0
6dc 0
6dd 0
6de 0
6df 0
6e0 0
6e1 0
6e2 0
6e3 0
6e4 0
6e5 3f
6e6 0
6e7 0
6e8 0
6e9 0
6ea 0
6eb 0
6ec 0
6ed 3f
6ee 0
6ef 0
6f0 0
6f1 20
6f2 0
6f3 0
6f4 0
6f5 0
6f6 0
6f7 0
6f8 0
6f9 0
6fa 0
6fb 3f
6fc 0
6fd 0
6fe 0
6ff 0
700 0
701 0
702 0
703 0
704 0
705 0
706 0
707 0
708 0
709 0
70a 0
70b 0
70c 0
70d 0
70e 0
70f 0
710 0
711 3f
712 0
713 0
714 0
715 0
716 0
717 0
718 0
719 0
71a 0
71b 0
71c 0
71d 0
71e 0
71f 0
720 0
721 0
722 0
723 0
724 0
725 0
726 0
727 0
728 0
729 3f
72a 0
72b 0
72c 0
72d 0
72e 0
72f 0
730 0
731 0
732 0
733 0
734 0
735 0
736 0
737 0
738 0
739 0
73a 0
73b 0
73c 0
73d 0
73e 0
73f 0
740 0
741 0
742 0
743 0
744 0
745 0
746 0
747 0
748 0
749 0
74a 0
74b 0
74c 3f
74d 0
74e 0
74f 0
750 0
751 0
752 0
753 0
754 0
755 3f
756 0
757 0
758 3f
759 0
75a 0
75b 0
75c 0
75d 0
75e 0
75f 0
760 0
761 0
762 0
763 0
764 0
765 0
766 0
767 0
768 0
769 0
76a 0
76b 0
76c 0
76d 0
76e 0
76f 0
770 0
771 0
772 0
773 0
774 3f
775 0
776 0
777 0
778 0
779 0
77a 0
77b 0
77c 0
77d 0
77e 0
77f 0
780 0
781 0
782 0
783 0
784 0
785 0
786 0
787 0
788 0
789 0
78a 0
78b 0
78c 0
78d 0
78e 0
78f 0
790 0
791 0
792 0
793 0
794 0
795 0
796 0
797 0
798 0
799 0
79a 0
79b 0
79c 0
79d 0
79e 0
79f 20
7a0 0
7a1 0
7a2 0
7a3 0
7a4 0
7a5 0
7a6 0
7a7 0
7a8 0
7a9 0
7aa 0
7ab 0
7ac 0
7ad 0
7ae 0
7af 0
7b0 0
7b1 0
7b2 0
7b3 0
7b4 3f
7b5 0
7b6 3f
7b7 0
7b8 0
7b9 0
7ba 0
7bb 0
7bc 0
7bd 0
7be 0
7bf 20
